
|  address | score |                   x |                  y |
|----------+-------+---------------------+--------------------|
|          |     0 |                     |                    |
|          |     0 |                     |                    |
|          |     0 |                     |                    |
|          |     0 |                     |                    |
|          |     0 |                     |                    |
|          |     0 |                     |                    |
|          |     0 |                     |                    |
|          |     0 |                     |                    |
|          |     0 |                     |                    |
|          |     0 |                     |                    |
|          |     0 |                     |                    |
|          |     0 |                     |                    |
|          |     0 |                     |                    |
|          |     0 |                     |                    |
|          |     0 |                     |                    |
|          |     0 |                     |                    |
|          |     0 |                     |                    |
|          |     0 |                     |                    |
|          |     0 |                     |                    |
|          |     0 |                     |                    |
|          |     0 |                     |                    |
|          |     0 |                     |                    |
|          |     0 |                     |                    |
|          |     0 |                     |                    |
|          |     0 |                     |                    |
|          |     0 |                     |                    |
|          |     0 |                     |                    |
|          |     0 |                     |                    |
|          |     0 |                     |                    |
|          |     0 |                     |                    |
|          |     0 |                     |                    |
|          |     0 |                     |                    |
|          |     0 |                     |                    |
|          |     0 |                     |                    |
|          |     0 |                     |                    |
|          |     0 |                     |                    |
|          |     0 |                     |                    |
|          |     0 |                     |                    |
|          |     0 |                     |                    |
|          |     0 |                     |                    |
|          |     0 |                     |                    |
|          |     0 |                     |                    |
|          |     0 |                     |                    |
|          |     0 |                     |                    |
|          |     0 |                     |                    |
|          |     0 |                     |                    |
|          |     0 |                     |                    |
|          |     0 |                     |                    |
|          |     0 |                     |                    |
| 1000-070 |   100 |  -9.143745000075455 |  38.74061500594985 |
| 1000-268 |   100 |  -9.138370020845173 | 38.735454980626514 |
| 1000-298 |   100 |  -9.136769999347962 |  38.74224000551851 |
| 1050-028 |   100 |  -9.151754998206968 |  38.73231499396849 |
| 1050-117 |   100 |  -9.146680007291366 |  38.73113000240704 |
| 1050-151 |   100 |  -9.152524959832704 | 38.738825008617255 |
| 1050-195 |   100 |  -9.146067960721382 |  38.73984684643341 |
| 1070-020 |   100 |   -9.16360499764022 |  38.73877999779711 |
| 1070-083 |   100 |  -9.163665012066986 |  38.72738500997764 |
| 1100-230 |   100 |  -9.136999998771103 |  38.71307500578149 |
| 1170-164 |   100 |  -9.127819970775306 |  38.72965998422808 |
| 1170-286 |   100 |   -9.13421502762202 |   38.7239050114174 |
| 1250-018 |   100 |   -9.15692503990465 |  38.71847999222513 |
| 1250-060 |   100 |   -9.16322496215031 |  38.72069998119059 |
| 1250-152 |   100 |  -9.163060006295837 |  38.71698000874227 |
| 1300-114 |   100 |  -9.177715009626752 |  38.70484498269161 |
| 1350-259 |   100 |  -9.171694959128047 |  38.70554499733521 |
| 1350-314 |   100 |  -9.167384984515309 |  38.71955501321685 |
| 1400-350 |   100 |   -9.20672502797413 |  38.70759500130441 |
| 1495-137 |   100 |  -9.224355020199084 |  38.70752999964526 |
| 1500-089 |   100 |  -9.204325037637886 |  38.75154999492298 |
| 1500-179 |   100 |  -9.190715006175708 | 38.750664991676274 |
| 1500-361 |   100 |  -9.201385001280073 |   38.7566300149806 |
| 1600-152 |   100 |  -9.172220001542996 |  38.74906501208852 |
| 1600-189 |   100 |   -9.15118502879102 | 38.750030020601116 |
| 1600-296 |   100 |  -9.171469988846866 |  38.75105500163096 |
| 1600-413 |   100 |   -9.17882502506427 |  38.76154499536449 |
| 1600-620 |   100 |  -9.164950041642896 |  38.76185998728596 |
| 1700-038 |   100 |  -9.143335041190994 | 38.752870018944634 |
| 1750-105 |   100 |  -9.151460039034248 |  38.77502498159896 |
| 1750-230 |   100 |  -9.160905018989354 | 38.776134997036365 |
| 1800-096 |   100 |  -9.109565023849541 |  38.76219501195584 |
| 1885-066 |   100 |   -9.10345998085262 |  38.77966499364925 |
| 1900-119 |   100 |   -9.13299504161489 | 38.738115019508655 |
| 1900-180 |   100 |  -9.132909965297586 |  38.73658498690298 |
| 1900-228 |   100 |  -9.133544978282202 |  38.73554998949896 |
| 1950-178 |   100 |   -9.12327002227454 |  38.75840999593896 |
| 1950-211 |   100 |   -9.10974003798782 |  38.75444502046071 |
| 2000-223 |   100 |   -8.68622501785228 | 39.231694996930514 |
| 2025-570 |   100 |  -8.760875001904026 |   39.3535599901125 |
| 2040-212 |   100 |  -8.931225030185203 |  39.33331501173467 |
| 2040-277 |   100 |  -8.937995009561064 | 39.335239999618125 |
| 2040-339 |   100 |  -8.938219979842302 |  39.33361998728191 |
| 2040-411 |   100 |  -8.937180037115354 |  39.33850500236201 |
| 2050-158 |   100 |  -8.899956508027287 | 39.137706998334124 |
| 2050-356 |   100 |   -8.87176003720225 |  39.06786001244001 |
| 2065-016 |   100 |  -8.957099965287853 |  39.20621501710559 |
| 2070-084 |   100 |  -8.789725009719746 |  39.15932501627111 |
| 2070-099 |   100 |  -8.791844960670858 |   39.1651050090627 |
| 2070-116 |   100 |  -8.784665022410763 |  39.16235000321757 |
| 2080-012 |   100 |  -8.621619990384943 |  39.20697999149894 |
| 2090-144 |   100 |  -8.582320012423338 | 39.257829980579174 |
| 2100-330 |   100 |  -8.285250025002824 |  38.98816999000877 |
| 2125-120 |   100 |  -8.716219993641744 | 39.051385004562974 |
| 2130-060 |   100 |  -8.803980028631145 |  38.97653498639204 |
| 2135-202 |   100 |  -8.878390038795033 | 38.931894981736264 |
| 2200-024 |   100 |  -8.186489999381081 | 39.479975015614116 |
| 2200-233 |   100 |  -8.208894994207185 |  39.46728498184473 |
| 2200-238 |   100 |  -8.207545004881695 | 39.466604999949595 |
| 2205-055 |   100 |  -8.193730035886972 |  39.44738500260161 |
| 2230-224 |   100 |  -8.159760026335618 | 39.537424999073835 |
| 2240-028 |   100 |  -8.307127965757218 |  39.70416129552956 |
| 2300-442 |   100 |   -8.40011001024402 |  39.60662498586191 |
| 2300-449 |   100 |  -8.401480032318034 |  39.59852002076747 |
| 2300-482 |   100 |   -8.40450003203216 |   39.6039250072111 |
| 2300-576 |   100 |    -8.4105400314603 |  39.59873501658382 |
| 2330-099 |   100 |  -8.472869958948706 |  39.46462498487199 |
| 2330-114 |   100 |  -8.467439994433619 |  39.46471001927961 |
| 2330-134 |   100 |  -8.476724963857237 | 39.468069988986485 |
| 2350-754 |   100 |   -8.53577496881394 |  39.48079501720184 |
| 2380-014 |   100 |  -8.664050022449317 |  39.46012000528174 |
| 2400-123 |   100 |  -8.809225004543123 |  39.74285999766698 |
| 2400-258 |   100 |  -8.803524975107734 |  39.74729498836558 |
| 2400-448 |   100 |  -8.814950012049962 |  39.73955983283912 |
| 2410-078 |   100 |  -8.798775034397295 | 39.732025004798516 |
| 2415-376 |   100 |  -8.792920023572151 |  39.75810500316226 |
| 2415-423 |   100 |  -8.825799966615534 |  39.76173000864776 |
| 2420-104 |   100 |  -8.705815034315833 |  39.74364001757641 |
| 2425-507 |   100 |   -8.83413501495221 |  39.85076501492921 |
| 2425-603 |   100 |   -8.83503497989608 | 39.890819992819274 |
| 2430-053 |   100 |  -8.923754994256342 |  39.75940998166783 |
| 2430-229 |   100 |  -8.930090036676347 | 39.743130020677654 |
| 2430-308 |   100 |   -8.93509000955845 |   39.7429050084869 |
| 2430-593 |   100 |  -8.912434982560683 |  39.87540998955984 |
| 2440-042 |   100 |  -8.825865010184089 |  39.65310498590253 |
| 2440-057 |   100 |  -8.818805016958493 |  39.66227001029176 |
| 2445-206 |   100 |   -9.00438496330952 | 39.665765012458905 |
| 2450-051 |   100 |  -8.999275019857691 | 39.626490012568695 |
| 2460-001 |   100 |  -8.981869997913918 |  39.55636001171382 |
| 2460-028 |   100 |  -8.975349966890747 |  39.54674500485271 |
| 2480-173 |   100 |  -8.839080002549622 |  39.60099498722752 |
| 2480-317 |   100 |  -8.818869976708072 |  39.59933000598079 |
| 2480-356 |   100 |  -8.899500029580338 |  39.60348998643633 |
| 2485-075 |   100 |  -8.713829977770274 |   39.5444699886927 |
| 2490-502 |   100 |  -8.579750037090719 | 39.658350003724195 |
| 2495-032 |   100 |  -8.718664994798019 |  39.62463501357695 |
| 2500-066 |   100 |  -9.133665007135619 |  39.41014001584165 |
| 2500-074 |   100 |   -9.14868001320798 |  39.40894500790586 |
| 2500-209 |   100 |  -9.134185020408665 |  39.39875001525451 |
| 2500-329 |   100 |  -9.145170007434274 |  39.40653500119538 |
| 2500-843 |   100 |  -9.146974966464086 |  39.41027500639228 |
| 2510-082 |   100 |  -9.155493243204148 |   39.3596803300826 |
| 2510-554 |   100 |  -9.228730038380604 |  39.32478001309778 |
| 2520-201 |   100 |    -9.3859000268327 | 39.356479993721734 |
| 2520-208 |   100 |  -9.373189960314505 |  39.35840498160496 |
| 2520-295 |   100 |  -9.388660019910276 |  39.36194000735975 |
| 2530-059 |   100 |   -9.31085860790256 |  39.27190646495302 |
| 2540-004 |   100 |  -9.161325036157507 |  39.27044998354768 |
| 2540-040 |   100 |  -9.162204968352796 |   39.2645699946512 |
| 2540-113 |   100 |   -9.15737003514414 |  39.26872000064179 |
| 2550-142 |   100 |  -9.104140004657268 |  39.24156498128633 |
| 2550-355 |   100 |  -9.088159990072256 |    39.228599979183 |
| 2550-429 |   100 |   -9.04979995873282 | 39.303284999590005 |
| 2560-127 |   100 |   -9.31865998046402 |  39.09060501916838 |
| 2560-194 |   100 |  -9.390179994232028 | 39.072080007322256 |
| 2560-230 |   100 |  -9.258540025566958 |   39.0939949960885 |
| 2560-324 |   100 |  -9.256365005511952 |  39.08575001130151 |
| 2580-010 |   100 |  -9.018805021894536 |  39.14414999966709 |
| 2580-289 |   100 |  -9.008269975431404 | 39.054875019497786 |
| 2580-497 |   100 |  -8.969789999057411 | 39.022339991770025 |
| 2580-531 |   100 |  -8.998834969940901 | 39.046649983640236 |
| 2590-041 |   100 |  -9.152284985944732 |  39.01997499587952 |
| 2590-430 |   100 |  -9.197539970836317 | 38.969270013724156 |
| 2600-100 |   100 |  -8.987389984069011 |  38.95731498904405 |
| 2600-180 |   100 |  -8.989704981907153 |    38.952704984207 |
| 2600-230 |   100 |  -8.986375019413572 | 38.956804992145294 |
| 2605-003 |   100 |  -9.228035010969222 |  38.80568501949574 |
| 2605-842 |   100 |  -9.229175033620209 |  38.80115501992458 |
| 2610-110 |   100 |  -9.212850019900486 |  38.73704498574932 |
| 2615-150 |   100 |   -9.03641003604804 |  38.89410500363181 |
| 2620-077 |   100 |  -9.162984988262338 |  38.80482499432043 |
| 2625-215 |   100 |   -9.07108496365646 |  38.86354001651682 |
| 2625-387 |   100 |  -9.058629958452002 |  38.86711498204028 |
| 2625-391 |   100 |  -9.059899984421122 |  38.87164498161144 |
| 2630-110 |   100 |  -9.082129965108834 |  38.97896498394152 |
| 2635-011 |   100 |  -9.345709974572856 |  38.76456000784634 |
| 2635-361 |   100 |  -9.330160035439803 |  38.78906999192634 |
| 2635-475 |   100 |  -9.320414983350929 |  38.76535498945293 |
| 2640-202 |   100 |  -9.398664994816613 |  39.05005500607666 |
| 2645-048 |   100 |   -9.41003001733219 |  38.73104999714121 |
| 2645-183 |   100 |  -9.414215017768697 |  38.71235998753116 |
| 2650-115 |   100 |  -9.215184966668062 |  38.76732498815625 |
| 2650-224 |   100 |  -9.223499982256214 |  38.76749501506225 |
| 2660-030 |   100 |  -9.154369984359619 |  38.81669498459286 |
| 2670-365 |   100 |  -9.170840005004266 | 38.839300013538264 |
| 2670-395 |   100 |  -9.159419997203827 |  38.83896498886821 |
| 2670-506 |   100 |  -9.190709977033805 |  38.83911498302558 |
| 2670-524 |   100 |  -9.172955010632506 |  38.82693000083185 |
| 2675-424 |   100 |  -9.182175020306374 |   38.7861250102456 |
| 2675-639 |   100 |  -9.191009965348542 | 38.787885000364724 |
| 2685-311 |   100 |  -9.119349973797455 |   38.7926449993592 |
| 2695-021 |   100 |  -9.101770021534435 |  38.80672001689982 |
| 2695-731 |   100 |   -9.09738502888814 |  38.82128001135845 |
| 2695-735 |   100 |  -9.100300003355528 |   38.8287899870561 |
| 2700-398 |   100 |  -9.231045036218575 | 38.761384984832944 |
| 2700-821 |   100 |   -9.22328004111688 |  38.75702501216773 |
| 2705-830 |   100 |  -9.357444974294594 |  38.83109044229201 |
| 2710-043 |   100 |  -9.357710010072935 | 38.770990017229224 |
| 2715-097 |   100 |  -9.326139990857882 |  38.86001001990411 |
| 2720-172 |   100 |  -9.211725000856177 |  38.74815498886073 |
| 2720-233 |   100 |  -9.214475019469091 |  38.74812498164749 |
| 2725-171 |   100 |  -9.348390004294174 | 38.786114993871365 |
| 2725-316 |   100 |  -9.353945026804695 | 38.798329983278336 |
| 2725-472 |   100 |  -9.341750028236675 |  38.79586000405061 |
| 2725-563 |   100 |   -9.32975502187844 |   38.7935999914975 |
| 2725-597 |   100 |  -9.349025017278677 | 38.806735020506494 |
| 2730-117 |   100 |   -9.28176996730349 | 38.750484990305495 |
| 2735-001 |   100 |   -9.29397996947813 | 38.747885007759464 |
| 2735-296 |   100 |  -9.303114986653895 |  38.76896499133164 |
| 2735-476 |   100 |  -9.312764987960804 | 38.772069983543986 |
| 2735-651 |   100 |  -9.300264971936258 |  38.74826998857236 |
| 2745-123 |   100 |  -9.268450033510192 |  38.75727001519749 |
| 2745-201 |   100 |   -9.25112002959986 | 38.756515015268974 |
| 2745-822 |   100 |  -9.280410003513282 |  38.75535998901137 |
| 2750-011 |   100 |  -9.448289968747702 | 38.726185014809516 |
| 2750-100 |   100 |  -9.432084983881623 |  38.70481501738777 |
| 2750-350 |   100 |  -9.420244958912974 | 38.700474993651994 |
| 2765-087 |   100 |  -9.379700016872789 |  38.70532501428636 |
| 2765-200 |   100 |  -9.395290021503001 |   38.7043750093805 |
| 2765-294 |   100 |  -9.404540038390337 |  38.70992500274917 |
| 2765-515 |   100 |  -9.370414963630083 | 38.696560016226385 |
| 2775-273 |   100 |   -9.34521996851322 |  38.68909999667159 |
| 2780-001 |   100 |   -9.30793080912332 |  38.68746766293776 |
| 2780-052 |   100 |  -9.322895020862461 | 38.685904982819125 |
| 2785-338 |   100 |  -9.349475041660185 |  38.69469998809274 |
| 2785-630 |   100 |   -9.34812999765768 |  38.71289500441071 |
| 2790-351 |   100 |  -9.261679970315527 |  38.71903998717619 |
| 2795-134 |   100 |   -9.23975500708434 |  38.70416001356398 |
| 2800-648 |   100 |  -9.156920010762747 | 38.678410010728385 |
| 2810-288 |   100 |  -9.154369984359619 | 38.654469996064165 |
| 2825-001 |   100 |  -9.185830033005118 | 38.666194979411785 |
| 2825-146 |   100 |   -9.19750996362302 |  38.66621501216025 |
| 2830-007 |   100 |  -9.068305021649394 |  38.65658998892491 |
| 2830-095 |   100 |  -9.060855018468885 | 38.654289994693556 |
| 2830-354 |   100 |  -9.074164977797352 |  38.66061502073927 |
| 2840-378 |   100 |   -9.09764000638279 | 38.617375003461575 |
| 2840-732 |   100 |   -9.10046001388713 |  38.61120001348269 |
| 2845-092 |   100 |  -9.122825027034992 | 38.621759996107755 |
| 2845-601 |   100 |  -9.108909978116344 | 38.614624984848604 |
| 2845-607 |   100 |   -9.11664002068187 |  38.63061501580796 |
| 2855-587 |   100 |  -9.149085026769512 |  38.62961501284951 |
| 2860-293 |   100 |  -8.981760027344194 |    38.644934994469 |
| 2870-059 |   100 |   -8.96672498852331 |   38.7157399899865 |
| 2870-260 |   100 |  -8.987465002102567 |  38.71114498875636 |
| 2900-001 |   100 |  -8.903740015301707 |  38.51909999666697 |
| 2900-667 |   100 |  -8.894124966531024 |  38.52471499169468 |
| 2950-210 |   100 |  -8.900354983704347 |  38.57388998315395 |
| 2955-028 |   100 |  -8.912019994534603 | 38.623560009814696 |
| 2955-098 |   100 |   -8.91047495832214 | 38.639345019422194 |
| 2955-162 |   100 |  -8.913460005500099 |  38.63520498789626 |
| 2965-301 |   100 |  -8.742070034491803 |  38.63380001328602 |
| 2970-585 |   100 |  -9.093869993972532 |  38.47297501213524 |
| 2985-216 |   100 |  -8.611095002205559 |   38.6833150166475 |
| 3000-072 |   100 |   -8.41134000029939 | 40.214975010703824 |
| 3000-171 |   100 |  -8.431759992815387 | 40.210230015316256 |
| 3000-337 |   100 |  -8.429414987764005 |  40.20745501863195 |
| 3020-096 |   100 |  -8.435039999166008 |  40.25520998996467 |
| 3030-193 |   100 |  -8.403880022654164 |  40.19318998334609 |
| 3030-328 |   100 |  -8.404589969853191 |  40.20345999403082 |
| 3030-393 |   100 |  -8.408195026408919 |  40.19602499445716 |
| 3030-775 |   100 |  -8.413785001455722 |  40.20130500672457 |
| 3040-262 |   100 |  -8.436904972622585 |  40.19904000693896 |
| 3045-481 |   100 |  -8.505010031398854 |  40.20202501220734 |
| 3050-344 |   100 |  -8.451795004518601 |  40.37485998141352 |
| 3050-345 |   100 |   -8.45290501995612 |   40.3754550127199 |
| 3050-428 |   100 |  -8.430134993246838 | 40.339369997540246 |
| 3060-183 |   100 |  -8.586575001751328 |   40.3431649880219 |
| 3060-318 |   100 |  -8.629499985198265 |  40.40065000783693 |
| 3060-704 |   100 |  -8.755200034359063 |  40.31194998431579 |
| 3070-141 |   100 |  -8.750734994537481 |  40.44038500657325 |
| 3080-143 |   100 |  -8.855409961592159 |  40.15463498893888 |
| 3080-254 |   100 |  -8.872094978053156 | 40.163959981950086 |
| 3090-401 |   100 |  -8.789979987214338 | 40.194200002678826 |
| 3100-480 |   100 |   -8.62352502933868 |  39.91807999551207 |
| 3100-532 |   100 |  -8.631650027181706 | 39.914560015273594 |
| 3105-253 |   100 |  -8.707700040520933 | 39.847715008001614 |
| 3130-080 |   100 |  -8.634020010304653 |  40.15973998706784 |
| 3130-208 |   100 |  -8.641334226653555 |  40.05032408984863 |
| 3130-240 |   100 |  -8.630144972647543 | 40.058055012514046 |
| 3140-261 |   100 |  -8.680549966488229 | 40.176780019037835 |
| 3140-998 |   100 |  -8.651280025323558 |  40.28355000088169 |
| 3150-127 |   100 |  -8.498465022304345 |  40.11414499027387 |
| 3200-203 |   100 |  -8.243935037517872 |  40.11223500599738 |
| 3200-222 |   100 |  -8.249240027856615 |  40.12195000896321 |
| 3220-185 |   100 |  -8.332544997489265 |  40.09089501578865 |
| 3230-257 |   100 |  -8.384489998400397 |  40.02544999589463 |
| 3240-153 |   100 |  -8.437215019221014 |  39.91173502053681 |
| 3240-207 |   100 |   -8.43698594180728 |  39.92243099954101 |
| 3240-326 |   100 |   -8.36050501482589 |  39.92262499868997 |
| 3250-115 |   100 |   -8.38065502624056 |   39.8214799863386 |
| 3260-427 |   100 |  -8.281489987057398 |  39.90133500653394 |
| 3270-051 |   100 |  -8.174936719320158 |  39.90162560711701 |
| 3280-013 |   100 |  -8.211070014262077 |  40.00421000179102 |
| 3300-011 |   100 |  -8.052119961032702 |  40.22092000125946 |
| 3350-151 |   100 |  -8.257765010119329 |   40.2094849898524 |
| 3360-191 |   100 |   -8.28132997652574 |  40.27073998016817 |
| 3400-058 |   100 |  -7.858539991014823 |  40.36190998291687 |
| 3400-084 |   100 |  -7.857184972547543 |  40.35238499769588 |
| 3420-301 |   100 |  -8.026434959855976 | 40.362074980680916 |
| 3420-325 |   100 |  -8.029929962023118 |  40.35954498702654 |
| 3420-330 |   100 |  -8.033335026369059 | 40.361770005133906 |
| 3430-039 |   100 |  -8.010934976865997 |    40.429095002091 |
| 3440-321 |   100 |  -8.128904983461325 | 40.408625011522645 |
| 3440-325 |   100 |  -8.129939980865345 |  40.39968499932422 |
| 3450-123 |   100 |  -8.230805037650612 |  40.39651999268523 |
| 3450-150 |   100 |  -8.229184983404934 |  40.39850000776278 |
| 3450-202 |   100 |  -8.247604970004147 |  40.38981501496869 |
| 3460-009 |   100 |  -8.104160012725856 |  40.53314501444487 |
| 3460-572 |   100 |  -8.080765031315764 | 40.514099989325814 |
| 3460-575 |   100 |  -8.083220006936756 |  40.52005499625585 |
| 3500-189 |   100 |  -7.912300009239573 |  40.64841998771226 |
| 3500-209 |   100 |  -7.909125028135691 |   40.6581199870717 |
| 3500-626 |   100 | -7.9010250083640585 |  40.64210501995041 |
| 3510-069 |   100 |  -7.918999999723837 | 40.653524985841386 |
| 3510-720 |   100 |  -7.926994994248673 |  40.65980001383457 |
| 3520-035 |   100 |  -7.851809993317204 | 40.529924980611554 |
| 3520-056 |   100 | -7.8504750075984475 |  40.53960498913182 |
| 3525-072 |   100 |  -7.898135011968179 |  40.50701501802871 |
| 3530-214 |   100 |  -7.752265002463105 |  40.60382998110907 |
| 3550-124 |   100 |  -7.692947279518876 | 40.668970947465425 |
| 3550-147 |   100 | -7.6963049861118975 |  40.67547501096294 |
| 3560-156 |   100 | -7.7304749878730945 |  40.74021498707134 |
| 3560-172 |   100 | -7.7345500177399344 | 40.743370019245674 |
| 3570-021 |   100 |   -7.54377999694259 |  40.81951998678022 |
| 3600-127 |   100 |   -7.92299079146369 |  40.89873131872099 |
| 3600-187 |   100 | -7.9327400345042065 |  40.90139500373118 |
| 3600-191 |   100 |  -7.928765000742146 |  40.89942001779548 |
| 3610-103 |   100 |  -7.773625025420301 |  41.03097000673006 |
| 3620-301 |   100 |  -7.622825031924435 |  40.98659000871078 |
| 3620-304 |   100 |  -7.614284962236013 |  40.97991499629808 |
| 3620-400 |   100 |  -7.595065006797711 |  41.03911499541215 |
| 3630-240 |   100 |  -7.394426719934813 |  40.99023596895415 |
| 3650-209 |   100 |  -7.724229967093208 |    40.854179994601 |
| 3650-219 |   100 |  -7.732009965801581 |  40.85202500729457 |
| 3660-428 |   100 |   -8.06769496205618 |  40.76001501211897 |
| 3660-482 |   100 |  -8.063720012113265 |  40.76299498824545 |
| 3670-237 |   100 |  -8.113974969887181 |  40.72432499412662 |
| 3680-077 |   100 |  -8.175335027359097 | 40.724339997733296 |
| 3680-094 |   100 |  -8.170590031971528 |  40.73249500278962 |
| 3700-044 |   100 |   -8.50357496575623 | 40.895064990452966 |
| 3700-166 |   100 |  -8.485880013781468 |  40.89618498035543 |
| 3700-241 |   100 |  -8.492195023452894 |  40.89102998417383 |
| 3700-445 |   100 |  -8.496009962864207 | 40.914679984988084 |
| 3700-511 |   100 |  -8.501604967052799 |  40.91976499227803 |
| 3700-766 |   100 |    -8.4575025776669 |  40.88709292043342 |
| 3700-894 |   100 |  -8.451010039286132 | 40.949179982277315 |
| 3720-133 |   100 |  -8.482709978000571 |  40.84121997973011 |
| 3730-240 |   100 |  -8.394040003602413 | 40.848449999861714 |
| 3740-251 |   100 |  -8.368585337125069 |  40.73478305280912 |
| 3740-255 |   100 |  -8.369454959579457 |  40.73195998590995 |
| 3750-055 |   100 |  -8.422415008965118 |   40.5162550185417 |
| 3750-106 |   100 |  -8.441869992968577 | 40.575464992120715 |
| 3750-154 |   100 |  -8.448360016778281 |  40.58181000900544 |
| 3750-181 |   100 |  -8.450990006537609 |  40.56825001750531 |
| 3770-018 |   100 |  -8.596960012147576 | 40.495584993854095 |
| 3770-059 |   100 |  -8.533664992327601 |  40.54280499021655 |
| 3770-215 |   100 |  -8.493275031677115 |  40.51166999177633 |
| 3770-352 |   100 |  -8.601064965408796 |  40.51519001392421 |
| 3780-203 |   100 |  -8.437445018644155 |   40.4386300036864 |
| 3800-212 |   100 |  -8.640329990834175 |  40.64732501779093 |
| 3800-276 |   100 |  -8.628400028044553 |  40.64920998208652 |
| 3810-055 |   100 |  -8.647513784769615 | 40.634390400086716 |
| 3810-195 |   100 |   -8.64413998492256 |  40.63100499130377 |
| 3810-732 |   100 |   -8.57701996740741 |  40.57677001253546 |
| 3830-097 |   100 |  -8.666895008025165 |  40.60009500505407 |
| 3840-429 |   100 |  -8.682875022610062 |  40.54301998603307 |
| 3840-507 |   100 |  -8.683529984524284 | 40.529310000375574 |
| 3850-003 |   100 |   -8.47970003657025 |  40.68988501126421 |
| 3850-089 |   100 |  -8.472190018963147 |  40.68541498421013 |
| 3850-115 |   100 |  -8.486879974830345 | 40.698420009901156 |
| 3860-133 |   100 |  -8.571320021791053 |  40.80595002081526 |
| 3860-358 |   100 |  -8.575454982265569 |  40.75657998246925 |
| 3860-367 |   100 |  -8.570149991926769 | 40.751270004898004 |
| 3870-133 |   100 |  -8.635394977701537 | 40.749469991191006 |
| 3880-001 |   100 |  -8.644069996031021 |  40.86331501177676 |
| 3880-070 |   100 |  -8.621035017362317 |   40.8638849811926 |
| 3880-240 |   100 |   -8.62509001448052 | 40.857880018119715 |
| 3885-401 |   100 |  -8.647904968190915 | 40.955574997214455 |
| 3885-402 |   100 |   -8.65401001118778 |   40.9562199846639 |
| 4000-055 |   100 |  -8.605739971904882 |  41.14421500877677 |
| 4000-216 |   100 |  -8.603245014605704 |  41.14914997999995 |
| 4000-272 |   100 |  -8.605990004076546 |  41.15202501469861 |
| 4000-307 |   100 |  -8.606365010424724 | 41.160734985564204 |
| 4050-318 |   100 |  -8.625410035543837 |  41.15091998649348 |
| 4050-496 |   100 |   -8.61347495979328 | 41.153969993421015 |
| 4100-012 |   100 |   -8.64255999617393 |  41.16509001290672 |
| 4100-127 |   100 |  -8.631584983613152 | 41.158250002729744 |
| 4100-205 |   100 |  -8.651834991132773 | 41.167804995164204 |
| 4150-262 |   100 |  -8.649235008586686 |  41.15390000452936 |
| 4150-441 |   100 |  -8.665875014227765 | 41.162480013986396 |
| 4200-056 |   100 |   -8.61360999225326 | 41.180574992290076 |
| 4200-163 |   100 |  -8.608410027161426 |  41.18449001162526 |
| 4200-222 |   100 |  -8.600785009842696 |  41.16449498160034 |
| 4200-282 |   100 |  -8.588015012716824 | 41.176710012916885 |
| 4200-422 |   100 |   -8.61192497825806 |  41.17177998701669 |
| 4200-509 |   100 |  -8.612050036253436 |  41.16793001125001 |
| 4250-117 |   100 |  -8.628564983899025 |  41.16745500879722 |
| 4300-190 |   100 |  -8.597955027873581 |  41.15136498173308 |
| 4300-431 |   100 |  -8.589050010120957 |  41.14946501383076 |
| 4350-102 |   100 |  -8.577545009822359 |  41.16118999717821 |
| 4350-171 |   100 |  -8.589165009832413 | 41.165669998696956 |
| 4400-004 |   100 |  -8.607809966713035 |   41.1220250097673 |
| 4400-097 |   100 |   -8.61455002269446 |  41.12814501446127 |
| 4400-309 |   100 |   -8.61253995849404 |  41.12299001827989 |
| 4400-501 |   100 |  -8.642910024450543 |  41.12534998502832 |
| 4405-677 |   100 |  -8.633590018671669 |   41.0764500038124 |
| 4405-830 |   100 |  -8.618914982592173 |  41.10094498428572 |
| 4410-220 |   100 |  -8.629299992988422 |  41.02442499763538 |
| 4410-227 |   100 |  -8.601220030617469 |  41.07894500302103 |
| 4410-406 |   100 |  -8.636695010884068 | 41.062554987642216 |
| 4415-284 |   100 |  -8.573254984139055 | 41.066060006183534 |
| 4415-386 |   100 |   -8.56984371718471 |  41.05535375934818 |
| 4415-534 |   100 |   -8.55718503173307 |  41.02445500484879 |
| 4415-803 |   100 |  -8.514019990579243 | 41.040320019722174 |
| 4420-155 |   100 |  -8.531534983092683 | 41.146170003873465 |
| 4420-210 |   100 |  -8.534335041667532 |  41.14052001440001 |
| 4420-437 |   100 |  -8.558265039957234 | 41.141089983815846 |
| 4425-005 |   100 |  -8.559960028417379 | 41.202154998296066 |
| 4425-116 |   100 |  -8.562445011251839 | 41.205879999886236 |
| 4430-047 |   100 |  -8.605114262832842 | 41.130518015069185 |
| 4430-121 |   100 |  -8.600624999311037 | 41.123515018785156 |
| 4430-196 |   100 |  -8.606774969308901 | 41.117465002982726 |
| 4430-267 |   100 |   -8.58650995818266 | 41.125835003855514 |
| 4430-299 |   100 |  -8.573820008232076 | 41.118254997356985 |
| 4435-208 |   100 |  -8.553754989315564 |  41.16778999155747 |
| 4435-289 |   100 |  -8.546734977768153 | 41.167409997977074 |
| 4435-346 |   100 |  -8.559591308496692 |  41.17800761534738 |
| 4435-350 |   100 |  -8.540964121250852 |  41.17769916131067 |
| 4435-374 |   100 |  -8.550349086779306 | 41.187396352732264 |
| 4440-367 |   100 |  -8.464840011887645 |  41.20951497983634 |
| 4440-502 |   100 |   -8.50319995940805 | 41.191864996772324 |
| 4445-210 |   100 |   -8.53334002594147 | 41.231684988006805 |
| 4445-256 |   100 |   -8.52879996808656 |   41.2369349930608 |
| 4445-516 |   100 |    -8.5550749714277 |  41.20512998719005 |
| 4445-637 |   100 |  -8.555019986142838 |  41.22150998619452 |
| 4450-031 |   100 |  -8.681755032707827 |  41.18090498781805 |
| 4450-103 |   100 |  -8.671312522455764 |  41.18113000000881 |
| 4450-282 |   100 |  -8.692644968951356 |  41.18237001876457 |
| 4450-664 |   100 |  -8.696224963616714 |  41.20020000319937 |
| 4455-515 |   100 |  -8.685940033144277 | 41.223234981868075 |
| 4460-125 |   100 |  -8.667015036878581 |  41.19419998544936 |
| 4460-284 |   100 |  -8.654397925666615 |  41.17843618205677 |
| 4460-732 |   100 |  -8.640759982467046 |  41.20128001142359 |
| 4460-816 |   100 |  -8.640260001942636 |  41.19049501660777 |
| 4465-040 |   100 |  -8.628459958652229 | 41.180390003686966 |
| 4465-197 |   100 |  -8.619657535394367 |  41.19647001437687 |
| 4470-054 |   100 |  -8.601369982865322 |  41.21749501266413 |
| 4470-135 |   100 |  -8.621304998463643 | 41.227059979563194 |
| 4470-136 |   100 |  -8.624204969324296 |  41.23445499745867 |
| 4470-200 |   100 |   -8.61422497248941 | 41.236580019461314 |
| 4470-650 |   100 |  -8.644490013199174 | 41.256295010101326 |
| 4470-655 |   100 |  -8.666389998358795 |  41.24119501153069 |
| 4475-304 |   100 |  -8.595044998729065 |   41.2115550093406 |
| 4475-634 |   100 |  -8.610755032212865 | 41.267520012924365 |
| 4480-668 |   100 |   -8.74550502223218 |  41.35249998017804 |
| 4480-739 |   100 |  -8.749015028005942 |  41.36540999699645 |
| 4480-755 |   100 |   -8.75164501776527 |  41.35309501148441 |
| 4480-878 |   100 |  -8.731955005196767 |  41.35805001545617 |
| 4485-373 |   100 |   -8.68186500327738 |  41.33839001010108 |
| 4485-575 |   100 |  -8.695445027526205 |  41.29535501417496 |
| 4490-097 |   100 |  -8.768334979549195 | 41.403905018886576 |
| 4490-107 |   100 |  -8.772834971907002 |  41.40413501830966 |
| 4490-410 |   100 |  -8.769099995852002 |  41.38723999326453 |
| 4495-137 |   100 |  -8.743569976065146 |  41.40516498657183 |
| 4500-088 |   100 |  -8.629705006549898 |  41.01277000317941 |
| 4500-190 |   100 |   -8.63382001809481 |  41.00622000685257 |
| 4500-807 |   100 |  -8.641334981024897 | 41.003169999925035 |
| 4505-240 |   100 |  -8.522849990298425 |  40.98632501484195 |
| 4505-525 |   100 |  -8.495705029226599 |   40.9831950026487 |
| 4510-431 |   100 |  -8.509655030681586 |  41.15554000770476 |
| 4510-575 |   100 |  -8.525264984241346 |  41.15952501593148 |
| 4515-463 |   100 |  -8.426189966698246 |   41.0830899798699 |
| 4515-552 |   100 |   -8.40218503419402 |  41.06831498959491 |
| 4520-192 |   100 |  -8.553019980226168 |  40.92611998362753 |
| 4520-707 |   100 |  -8.550344979646695 | 40.906170006332104 |
| 4525-189 |   100 |  -8.467085020834134 |  41.00711498456411 |
| 4535-014 |   100 |  -8.537725018587707 |  40.98931002011034 |
| 4535-201 |   100 |  -8.572660036651712 | 40.994635001288145 |
| 4535-263 |   100 |  -8.552580014128466 |  41.00689500151526 |
| 4535-268 |   100 |  -8.581850039112226 |  40.97404498186626 |
| 4535-404 |   100 |  -8.569520008084055 |  40.97300499722968 |
| 4540-102 |   100 |  -8.248309971880303 |   40.9283550181093 |
| 4540-133 |   100 |  -8.246635016168682 |  40.93202000527282 |
| 4550-060 |   100 |  -8.252808204038445 |  41.03922672618148 |
| 4550-100 |   100 |   -8.26986252715335 | 41.041122503132215 |
| 4560-371 |   100 |  -8.339640027070175 |  41.16910498643722 |
| 4560-465 |   100 |  -8.288210010290186 | 41.205945001545444 |
| 4560-531 |   100 |   -8.29304502731793 |  41.19777998011455 |
| 4560-568 |   100 |   -8.27475998935978 |  41.20565000046304 |
| 4570-477 |   100 |  -8.666039970082238 |  41.43110500715261 |
| 4575-011 |   100 |  -8.253195028869982 | 41.086829985066856 |
| 4575-032 |   100 |  -8.247280003618073 |  41.09006498059733 |
| 4575-049 |   100 |  -8.243500016743099 | 41.098019993443984 |
| 4575-352 |   100 |  -8.296674978126134 |  41.11475999518984 |
| 4575-471 |   100 |  -8.268090006088812 | 41.104079983711244 |
| 4580-059 |   100 |  -8.333061909458138 |  41.20652549024982 |
| 4580-195 |   100 |  -8.329655001093386 |  41.20440499447494 |
| 4580-294 |   100 |  -8.324744966032256 | 41.218610015333866 |
| 4580-416 |   100 |   -8.42519000564937 |   41.2355249893086 |
| 4585-116 |   100 |  -8.435862515324573 |  41.19146249778174 |
| 4585-457 |   100 |  -8.413555002032524 |  41.22153001894327 |
| 4585-588 |   100 |  -8.445872519372813 |  41.14928748512153 |
| 4590-064 |   100 |    -8.3675250263733 | 41.293110005228414 |
| 4590-206 |   100 |  -8.342266496430227 |  41.31536219795953 |
| 4590-384 |   100 |  -8.335840007446507 |  41.28482499685373 |
| 4590-397 |   100 |  -8.338999984943769 |  41.27783000528717 |
| 4590-545 |   100 |   -8.37976344319975 |  41.28068291176157 |
| 4610-171 |   100 |  -8.203620011081739 |  41.35899499122013 |
| 4610-250 |   100 |  -8.214150028402969 |  41.37058498401689 |
| 4615-594 |   100 |  -8.146034995161813 | 41.327519980877526 |
| 4615-623 |   100 |  -8.144334977559822 |  41.32030999349456 |
| 4620-131 |   100 |  -8.284609982876418 |  41.27023998241418 |
| 4620-141 |   100 |  -8.288760030776587 | 41.278695017694815 |
| 4620-268 |   100 |  -8.314960016084285 |  41.33612501031547 |
| 4620-596 |   100 |  -8.288049999758641 |  41.35787500131789 |
| 4630-203 |   100 |  -8.149094976554238 |  41.17146499509522 |
| 4630-296 |   100 |  -8.146055027910506 |  41.18380998782072 |
| 4640-147 |   100 |  -8.034289976597904 | 41.164185018820774 |
| 4640-264 |   100 |  -8.053169962043512 |  41.12627501186279 |
| 4660-055 |   100 |  -7.959624988939424 |  41.10075500845028 |
| 4660-226 |   100 |  -7.958080036546107 | 41.106654988185824 |
| 4690-058 |   100 |  -8.101268339949343 |  41.07912026861652 |
| 4690-666 |   100 |  -8.230097772660656 |  41.06897091542788 |
| 4700-204 |   100 |  -8.431565029747503 | 41.550034993118686 |
| 4700-206 |   100 |  -8.433714987912083 |  41.54729000364773 |
| 4700-213 |   100 |  -8.439026599954332 | 41.564327688684955 |
| 4700-284 |   100 |  -8.436710009554758 |   41.5585100192385 |
| 4700-357 |   100 |  -8.418974992082894 |  41.55787999348621 |
| 4705-267 |   100 |  -8.454059962394695 |  41.53154501762788 |
| 4705-671 |   100 |   -8.49208002374138 |  41.50637998781468 |
| 4710-057 |   100 |   -8.39299000259166 | 41.563160005753616 |
| 4710-093 |   100 |  -8.386914966808092 |   41.5654649872173 |
| 4710-249 |   100 |     -8.421802459481 |  41.54931000040358 |
| 4710-250 |   100 |  -8.420407459335536 |  41.54687250105064 |
| 4710-412 |   100 |  -8.408755021360037 |  41.56109998540995 |
| 4715-249 |   100 |  -8.402915014141627 |  41.54128998589772 |
| 4720-022 |   100 |  -8.353684995488152 |  41.63146501483004 |
| 4720-343 |   100 |   -8.36279997991528 |   41.6272599816449 |
| 4740-049 |   100 |  -8.771495040865375 |   41.4869050129721 |
| 4740-227 |   100 |  -8.784169987209225 |  41.54061000400259 |
| 4740-291 |   100 |  -8.778095035244746 |   41.5349800053682 |
| 4740-444 |   100 |  -8.744645038966382 |  41.61297499742966 |
| 4740-571 |   100 |  -8.776095029328019 |  41.53447000846944 |
| 4745-524 |   100 |  -8.558695031590105 |  41.28067499086296 |
| 4745-615 |   100 |  -8.551995041105897 |  41.27678000427642 |
| 4750-106 |   100 |   -8.61224499932132 |  41.53547001142772 |
| 4750-132 |   100 |  -8.614529989945936 |  41.54156000890845 |
| 4750-324 |   100 |  -8.617930025149974 |  41.53609999527043 |
| 4750-367 |   100 |  -8.615499105591084 | 41.596309762260205 |
| 4750-732 |   100 |  -8.594630010702929 | 41.539195013017945 |
| 4750-800 |   100 |  -8.629714981014672 | 41.531144991298845 |
| 4755-058 |   100 |  -8.624669997312424 |    41.524139983358 |
| 4755-065 |   100 |  -8.633349960964779 |  41.51850998472361 |
| 4755-266 |   100 |   -8.63238998159403 | 41.437084992154155 |
| 4755-304 |   100 |  -8.506494969365406 | 41.532650003923436 |
| 4755-520 |   100 |  -8.578069968418276 |  41.50929999142386 |
| 4760-053 |   100 |  -8.515465030686642 | 41.405070019608786 |
| 4760-093 |   100 |  -8.517424971106152 |  41.41495002033889 |
| 4760-105 |   100 |  -8.518274979907233 |  41.40914002033389 |
| 4760-143 |   100 |  -8.522834986691691 |  41.40893001174982 |
| 4760-175 |   100 |  -8.511840025201366 |  41.42973498507865 |
| 4760-282 |   100 |  -8.526825024060372 | 41.404240001647054 |
| 4760-624 |   100 |  -8.527969992034059 |  41.35229500073592 |
| 4760-713 |   100 |  -8.556765014564974 |  41.35498001768957 |
| 4760-859 |   100 |  -8.533585028971345 |  41.39896501852155 |
| 4765-080 |   100 |   -8.43125003782626 |  41.38283500977917 |
| 4765-220 |   100 |    -8.3932200020148 |  41.38700001937667 |
| 4765-550 |   100 |   -8.36040501872094 |  41.40780499270551 |
| 4770-260 |   100 |   -8.40901997331946 | 41.438590004778746 |
| 4775-269 |   100 |  -8.566064987595212 |  41.45525000125889 |
| 4780-468 |   100 |   -8.47550003252718 |  41.33573500036067 |
| 4785-187 |   100 |  -8.564609973023039 |  41.33685000303058 |
| 4785-313 |   100 |  -8.563740015292353 | 41.335170018177166 |
| 4785-321 |   100 |  -8.553400015716193 |   41.3375050068542 |
| 4795-476 |   100 |  -8.358050039204784 |  41.36291998502014 |
| 4800-073 |   100 |  -8.297950033237214 | 41.448535007167834 |
| 4800-411 |   100 |  -8.292930027606417 |  41.44200001444767 |
| 4805-081 |   100 |  -8.347735017699904 | 41.484039994647844 |
| 4805-158 |   100 |  -8.344749970522116 |  41.49162000114637 |
| 4805-437 |   100 |  -8.379944995222502 |  41.44273498162761 |
| 4810-008 |   100 |  -8.279429966713906 |  41.45129998747797 |
| 4810-261 |   100 |  -8.286764970182787 |  41.44713501979004 |
| 4810-431 |   100 |  -8.295545013759067 |  41.43805000066675 |
| 4810-517 |   100 |  -8.299430025880838 |  41.42130501168856 |
| 4815-301 |   100 |   -8.35530496591474 | 41.375565007969556 |
| 4815-474 |   100 |  -8.314999997762413 |  41.38259000674941 |
| 4815-514 |   100 |  -8.308980031082854 |  41.37643999484203 |
| 4820-179 |   100 |  -8.163010025472886 | 41.458755019800265 |
| 4820-362 |   100 |   -8.17508499518732 | 41.445879997427596 |
| 4830-508 |   100 |  -8.260234989347055 | 41.572460020693256 |
| 4830-520 |   100 |  -8.269355002916086 |  41.57568499984956 |
| 4840-100 |   100 |   -8.30416999212656 | 41.718335017430775 |
| 4850-536 |   100 |  -8.139529967745545 |  41.63327001576931 |
| 4850-537 |   100 |  -8.141061425274756 |  41.63598608767427 |
| 4860-069 |   100 | -7.9633899722077786 | 41.490040012397856 |
| 4860-351 |   100 |  -7.991545036431148 |  41.51479001227534 |
| 4860-407 |   100 |  -7.998345023020306 |  41.51512998226809 |
| 4870-163 |   100 |  -7.790480026877731 |  41.52664998617337 |
| 4880-183 |   100 |  -7.956837754676485 | 41.404762780947976 |
| 4880-239 |   100 | -7.9555979035587825 |  41.41191044888086 |
| 4890-228 |   100 |  -7.995800863949512 | 41.392573523983685 |
| 4890-296 |   100 |  -7.996343843637135 | 41.397257541025624 |
| 4900-355 |   100 |  -8.840399984661587 | 41.693880018635696 |
| 4900-422 |   100 |  -8.823635004844334 |  41.70322998971841 |
| 4900-509 |   100 |  -8.825299064081662 | 41.693400406135936 |
| 4900-532 |   100 |  -8.828849973542958 |  41.69395998199201 |
| 4905-353 |   100 |  -8.702560006036663 |   41.6478800082802 |
| 4910-105 |   100 |  -8.836029995622084 |  41.87591500667662 |
| 4910-388 |   100 |  -8.870959984544186 |  41.82221999011114 |
| 4910-524 |   100 |  -8.858749982369432 |  41.81311498014861 |
| 4920-011 |   100 |  -8.688025031559164 |  41.97114000654369 |
| 4920-279 |   100 |  -8.742389971736088 | 41.943819989424185 |
| 4930-673 |   100 |  -8.638444984629018 | 42.027289998730396 |
| 4930-697 |   100 |  -8.645172467755742 |  42.02582748235483 |
| 4940-531 |   100 |  -8.561044981964415 | 41.909354986580865 |
| 4940-542 |   100 |  -8.564776102343899 | 41.914245910902764 |
| 4950-275 |   100 |  -8.486894559341806 |  42.07286659724679 |
| 4950-454 |   100 |  -8.483009966315194 |  42.07756000202039 |
| 4950-457 |   100 |   -8.48234997525924 |  42.07728000454489 |
| 4960-570 |   100 |  -8.260319981845157 |  42.10905500320217 |
| 4970-459 |   100 |  -8.421574974628868 | 41.847225009392616 |
| 4970-592 |   100 |  -8.415724992945627 |    41.842855020353 |
| 4970-595 |   100 |  -8.417470021367762 |  41.83833998247911 |
| 4980-625 |   100 |  -8.416365035072147 |  41.80542001584803 |
| 4990-029 |   100 |  -8.580644972892628 | 41.765865018482316 |
| 4990-072 |   100 |  -8.590094981989807 |  41.76157499279901 |
| 4990-144 |   100 |  -8.581720035794092 |  41.76160500001242 |
| 4990-343 |   100 |   -8.58587997434006 |  41.74873001954933 |
| 4990-450 |   100 |  -8.584859980542547 |  41.65044000914804 |
| 5000-414 |   100 |  -7.731440583118911 |  41.30793960360256 |
| 5000-448 |   100 |  -7.743229981392233 |  41.30859498461177 |
| 5000-607 |   100 |  -7.742784986152628 |  41.30246500545303 |
| 5040-319 |   100 |  -7.882599992622829 | 41.168844979800724 |
| 5050-067 |   100 |  -7.797475647086969 |  41.16700083537353 |
| 5050-078 |   100 |   -7.79813999673263 | 41.163769988885065 |
| 5050-223 |   100 |  -7.792363859616387 |  41.16334921734568 |
| 5050-224 |   100 |  -7.790410037986135 | 41.164374994656214 |
| 5060-361 |   100 |  -7.580950384764435 | 41.262831218197505 |
| 5070-011 |   100 |  -7.477315025160635 | 41.272120001386895 |
| 5070-059 |   100 |  -7.477549969906704 |  41.27537000052422 |
| 5090-135 |   100 | -7.4538049602200545 |  41.40584501037654 |
| 5090-136 |   100 |  -7.452024979261694 |  41.41308001774041 |
| 5100-118 |   100 |  -7.811420032666717 | 41.097444994886246 |
| 5100-160 |   100 |  -7.805919995441059 |  41.09929001941316 |
| 5100-187 |   100 |  -7.814387310209838 | 41.097102929417645 |
| 5100-344 |   100 |  -7.792750013895613 |  41.06268000372819 |
| 5110-122 |   100 |  -7.690194997792162 |  41.10617499850048 |
| 5120-415 |   100 |  -7.564629981091571 |  41.11488999850815 |
| 5130-359 |   100 | -7.4035950132662265 |  41.14666998439782 |
| 5140-060 |   100 |  -7.307309996014169 |  41.24269499501332 |
| 5140-080 |   100 | -7.3055499639853565 | 41.241729986500786 |
| 5150-566 |   100 |  -7.149084977409416 | 41.077235010954155 |
| 5200-289 |   100 |  -6.704630035303808 | 41.346274992146675 |
| 5210-003 |   100 |  -6.279969963375493 |  41.50052501889911 |
| 5230-302 |   100 |  -6.531648508520618 |  41.58748764152989 |
| 5320-321 |   100 | -7.0074599827673865 |  41.83362000707251 |
| 5340-214 |   100 |   -6.96094503019043 | 41.543359980705816 |
| 5340-262 |   100 |  -6.959545000903063 |  41.53725497961858 |
| 5340-271 |   100 |  -6.965130030626938 |  41.53761498235997 |
| 5350-016 |   100 |  -6.960607239492447 | 41.343082325227215 |
| 5360-302 |   100 |  -7.149499965435552 | 41.307869991896666 |
| 5360-377 |   100 |  -7.151710021845872 |  41.30612999261655 |
| 5370-198 |   100 |   -7.18172310254613 | 41.491672890955556 |
| 5370-204 |   100 |  -7.180119979744802 |  41.48366498829972 |
| 5370-212 |   100 | -7.1855299953303415 |  41.48004501195635 |
| 5400-017 |   100 |   -7.46533996773195 |  41.74558999098173 |
| 5400-040 |   100 |   -7.46971498591347 | 41.744070016659805 |
| 5400-416 |   100 |   -7.47412001130823 |  41.74798000685314 |
| 5400-482 |   100 |  -7.477690031508757 | 41.742174994080415 |
| 5430-420 |   100 |  -7.314345011168314 | 41.606099992807174 |
| 5430-426 |   100 |  -7.311540007270651 |  41.60223501343398 |
| 5430-469 |   100 |  -7.313410009869017 |  41.61948999931093 |
| 5445-101 |   100 |  -7.421701349048703 | 41.585263377793694 |
| 5450-011 |   100 |  -7.642389986497506 |  41.50120500079424 |
| 5450-016 |   100 |  -7.642925003377172 | 41.500530006131385 |
| 5450-156 |   100 | -7.6023949811246325 | 41.542929989072945 |
| 6000-076 |   100 |  -7.499810041626745 | 39.819470005957214 |
| 6000-086 |   100 |  -7.494915010172349 |  39.82116499441736 |
| 6040-100 |   100 |   -7.93566003811344 |  39.46562000059782 |
| 6060-101 |   100 |  -7.241560000573088 | 39.926534988883304 |
| 6090-522 |   100 |  -7.171555015804074 |  40.16754999298962 |
| 6100-205 |   100 |  -8.180419573644315 |  39.81933007008365 |
| 6100-266 |   100 |  -8.190069994046326 |  39.81389000537524 |
| 6100-707 |   100 |  -8.101676790091005 | 39.793961485751936 |
| 6100-758 |   100 |  -8.100284975068746 | 39.806240009985004 |
| 6150-422 |   100 |  -7.924985013867172 |  39.74884501181026 |
| 6160-418 |   100 |   -7.91588503304672 |   39.9190199840437 |
| 6200-638 |   100 |  -7.462624985474463 |  40.30754998806293 |
| 6200-759 |   100 |  -7.526385033282622 |  40.24294998973755 |
| 6215-460 |   100 |  -7.633550012313549 | 40.196760003546615 |
| 6230-287 |   100 |  -7.503905020423076 | 40.139035009843894 |
| 6230-329 |   100 |  -7.499729994451457 |  40.13219001243465 |
| 6250-088 |   100 |  -7.348294987970974 |  40.36096999438524 |
| 6270-133 |   100 |   -7.77725003090552 | 40.474065002274756 |
| 6270-479 |   100 |  -7.706929970396118 |  40.41590498779709 |
| 6270-485 |   100 |  -7.714579965786356 |  40.42548500021246 |
| 6290-333 |   100 |  -7.604857835734663 |   40.5021199446648 |
| 6290-512 |   100 |  -7.593240015019319 |  40.49397499789211 |
| 6300-575 |   100 |  -7.257199961346146 |  40.53899998336061 |
| 6320-380 |   100 |  -7.088330009527624 |  40.35165501774844 |
| 6355-201 |   100 |  -6.835864990407572 |  40.61584502021583 |
| 6360-350 |   100 |  -7.393504962042698 |  40.63520998257928 |
| 6370-103 |   100 | -7.5406050158387075 | 40.621439982495076 |
| 6370-147 |   100 |  -7.520495572835387 |  40.61580847511806 |
| 6400-337 |   100 | -7.0725749652238505 |  40.77293001616988 |
| 6400-370 |   100 |  -7.066174963054323 |  40.77378501220329 |
| 6420-018 |   100 |   -7.35372503630515 |  40.76978500036989 |
| 6440-031 |   100 |   -6.96402998965425 | 40.882980004364185 |
| 7000-292 |   100 |  -7.919544991068335 |  38.56983498603563 |
| 7000-601 |   100 |  -7.908494960474002 |  38.57358999483927 |
| 7005-190 |   100 |  -7.901155011682306 | 38.565955003055706 |
| 7005-610 |   100 |  -7.920485021509421 | 38.564709997067666 |
| 7040-026 |   100 |  -7.984114982180358 |  38.72363000117423 |
| 7050-205 |   100 |  -8.214680016140733 | 38.647805000025755 |
| 7080-075 |   100 |  -8.462909994862457 |  38.67477498886865 |
| 7080-164 |   100 |  -8.466414971494316 | 38.675715019309905 |
| 7090-270 |   100 |  -8.007290022451059 | 38.335815015405444 |
| 7100-100 |   100 |  -7.580374967111425 |  38.83965498713758 |
| 7100-125 |   100 |  -7.590870031896429 |  38.85033499861618 |
| 7100-500 |   100 |   -7.58336495961214 |  38.84568999933356 |
| 7150-105 |   100 |   -7.45340003047761 |  38.80707499049947 |
| 7160-231 |   100 |  -7.415120381589475 |  38.77098586818721 |
| 7170-079 |   100 |  -7.547440038783122 |  38.65016999591626 |
| 7200-291 |   100 |  -7.531260031988495 | 38.424280010361485 |
| 7200-390 |   100 |  -7.537129962601284 |  38.42494000141738 |
| 7220-426 |   100 |  -7.699965027952544 |  38.30484501472915 |
| 7300-061 |   100 |  -7.436960017046374 |  39.26630001946654 |
| 7300-189 |   100 |   -7.43283997635956 |  39.29065498024727 |
| 7300-205 |   100 |  -7.432605031613548 |  39.29263998255732 |
| 7350-091 |   100 |  -7.170984962569037 |  38.87541000678931 |
| 7350-154 |   100 |   -7.18224495983776 |  38.87708999164272 |
| 7370-099 |   100 |   -7.06536996507333 | 39.015214996885106 |
| 7400-293 |   100 |  -8.016369970522987 | 39.251309991465575 |
| 7430-131 |   100 |  -7.643784986643027 |  39.29117000628793 |
| 7480-107 |   100 |  -7.895750025238726 | 39.053585002689545 |
| 7490-245 |   100 |  -8.165129976423941 |  38.94465001716503 |
| 7500-190 |   100 |  -8.791774971779319 |  38.06225999633887 |
| 7520-124 |   100 |  -8.861270001559205 |  37.95780999956554 |
| 7520-246 |   100 |  -8.863319963618778 |  37.95784000677878 |
| 7540-113 |   100 |  -8.693865122596662 |  38.00942789670523 |
| 7540-201 |   100 |   -8.69300002636993 |  38.01835001354027 |
| 7555-101 |   100 |  -8.674179971531998 |  37.80041499892275 |
| 7570-239 |   100 |  -8.566920025538082 | 38.178264991463266 |
| 7570-270 |   100 |  -8.563994992786945 | 38.175804986700314 |
| 7580-033 |   100 |   -8.50447501451913 |  38.37110001983643 |
| 7580-142 |   100 |  -8.514525000245555 |  38.37100501096404 |
| 7600-010 |   100 |  -8.162090279237361 |  37.87801390414978 |
| 7600-088 |   100 |  -8.166720023456378 | 37.878370009306195 |
| 7630-614 |   100 |  -8.712104982096776 |  37.51238501980549 |
| 7630-623 |   100 |  -8.703310018732793 |  37.51112999744305 |
| 7645-301 |   100 |  -8.781430026880173 | 37.729920008094155 |
| 7670-261 |   100 |  -8.226179987297428 |  37.64966500347941 |
| 7700-058 |   100 |  -8.059195041684063 | 37.513195005018815 |
| 7750-337 |   100 |  -7.662944843835646 |  37.64003956114874 |
| 7780-160 |   100 |   -8.08782996986423 |  37.70162999522961 |
| 7800-323 |   100 |  -7.872995002136065 |  38.02031498310174 |
| 7800-451 |   100 |  -7.863454971398937 |  38.01274998020972 |
| 7800-453 |   100 |  -7.856724973701148 |  38.00693998020472 |
| 7830-320 |   100 |  -7.601849989780135 |  37.93934998937863 |
| 7860-154 |   100 |  -7.446640025566637 | 38.143115019492484 |
| 7860-244 |   100 |  -7.450014998880192 |  38.14145498356845 |
| 7900-116 |   100 |  -8.121349452119944 |  38.06508763137521 |
| 7960-263 |   100 |   -7.80624496182719 |  38.21134999776797 |
| 8000-076 |   100 |  -7.926069967414264 |  37.01765999059097 |
| 8000-123 |   100 | -7.9230799749135485 |  37.02373498446474 |
| 8000-145 |   100 |  -7.934320023252724 |  37.01875500242164 |
| 8000-359 |   100 | -7.9401750340779245 |  37.02046000725625 |
| 8005-147 |   100 |  -7.939979987191009 |  37.02639498143748 |
| 8100-570 |   100 |  -8.022024989138345 |  37.13653499127207 |
| 8100-611 |   100 |   -8.01992498711678 |  37.13922499545822 |
| 8100-712 |   100 |  -8.029305007322364 |   37.1412149850006 |
| 8125-116 |   100 |   -8.09759497088271 |  37.07202501458676 |
| 8150-141 |   100 |  -7.884279977476297 | 37.152710010834426 |
| 8200-131 |   100 |  -8.247559959184173 | 37.097190002490436 |
| 8200-171 |   100 |  -8.257399978235924 |  37.08490498228235 |
| 8200-276 |   100 |  -8.232615025822383 |  37.09141499693112 |
| 8200-360 |   100 |   -8.22732503909026 |  37.09962000004009 |
| 8300-108 |   100 |  -8.440135944839653 | 37.186505341523684 |
| 8365-062 |   100 |  -8.304480038725046 | 37.164794996923206 |
| 8365-149 |   100 |  -8.358684968370255 | 37.101160007110366 |
| 8375-121 |   100 |  -8.280439986046645 |   37.2562299935409 |
| 8400-338 |   100 |  -8.455250025007501 |  37.13588501659035 |
| 8400-431 |   100 |  -8.447158470958016 |  37.13125732593761 |
| 8500-536 |   100 |  -8.539450014261206 |  37.14363002085298 |
| 8600-546 |   100 |  -8.686185036174095 |  37.10050001605447 |
| 8600-620 |   100 |  -8.675165012793173 | 37.096265017565486 |
| 8600-707 |   100 |  -8.681365022753084 | 37.109209986920234 |
| 8600-775 |   100 |  -8.681444986109284 |  37.10613001468886 |
| 8650-387 |   100 |  -8.938342020352536 |  37.01413565176273 |
| 8670-130 |   100 |  -8.794790026170517 |  37.31588500426892 |
| 8800-362 |   100 |  -7.646109958945715 |  37.12352502025834 |
| 8800-418 |   100 |  -7.651289975108284 |  37.12066498916636 |
| 8900-282 |   100 |  -7.427894988762205 |  37.19438500106082 |
| 8900-401 |   100 |  -7.467141909276677 | 37.182002205952074 |
| 8950-121 |   100 |  -7.445315014312655 |  37.21757999026107 |
